6253 0 69 1 0 2 2331 244 2 143 2 1 1 6256 1 0 29 0 2 0 36 0 193 7 0 6 2 32 2982 643 0 0 0 11 3 15 1 31 9 1 1 0 2 0 0 0 0 1 0 0 0 0 1 0 0 0 0 1 0 0 0 0 0 0 0 0 0 0 0 0 0 0 1 0 0 0 1 0 0 0 0 1 0 2
0 2699 90 11 3 0 0 0 851 0 28 13 334 0 2 595 63 7 13 1 4 2459 8 601 5139 183 17407 21 11 1 60 3 3 18 3 110 43 37 19 56 2 7 55 73 38 18 18 1 23 0 3340 105 7 0 0 0 0 518 1 46 15 613 2 1 259 33 1 41 0 7 1331 29 240 1396 125 6542 26 7 0 20 2 0 14 2
69 90 7736 0 4 6 103 232 22 10 15 7 15 305 2 158 7255 0 62 1 472 34 6514 10 16 3741 8453 40 381 205 1 1 20 259 39 1536 169 555 360 64 22 1 61 96 28 16 2 1 3 0 70 214 0 2 1 1 0 6 0 1 0 6 0 2 18 82 0 43 0 1 44 24 6 17 162 1159 3 10 1 0 0 1 6 43
1 11 0 2505 11 117 74 42 845 452 15 2057 18 26 70 15 3 1 8 2046 3 85 2 7445 8 5 51 426 84 0 0 9 10 56 46 233 23 77 75 239 22 2 128 1 23 7 140 11 5 1 12 0 322 10 26 11 31 97 8 8 804 5 10 8 9 2 0 2 372 2 23 3 645 0 0 9 75 30 1 1 5 1 19 6
0 3 4 11 2937 2363 5 667 63 41 5280 180 1823 42 1129 8 15 17 25 15 6 0 19 17 221 31 37 12 415 2 13 4270 2 2032 4601 284 235 374 487 6023 3828 180 34 57 11 34 24 14 25 0 4 1 3 41 4 0 3 3 6 112 18 311 0 32 3 1 1 0 1 2 1 5 7 62 4 17 7 0 0 5 2 1 8 380
2 0 6 117 2363 26877 224 27585 174 4547 473 15366 199 863 9489 9 22 6 26 310 13 0 24 46 31 18 33 59 459 9 7 2409 0 580 49795 649 90 238 249 6686 1460 34 32 10 4 16 22 8 11 0 0 0 17 20 239 1 38 3 114 18 404 33 3 64 1 0 0 0 3 2 0 0 22 7 1 3 18 2 0 0 0 0 3 4320
2331 0 103 74 5 224 7541 1407 19 1682 63 30 22 2520 24 6 37 5 26 6 126 0 305 83 6 21 19 2658 776 1994 1 8 13 131 42 224 22 235 173 51 27 4 8 4 3 2 4 0 2 0 1 0 5 0 1 0 1 3 0 0 1 7 0 0 0 0 0 0 0 0 0 0 13 2 0 2 7 1 0 0 0 0 1 6
244 0 232 42 667 27585 1407 47976 26 5921 239 1247 136 23267 1147 8 101 11 34 118 114 2 664 34 22 25 24 135 1185 229 3 2153 7 412 20956 298 49 311 256 1147 287 18 12 8 2 6 10 4 7 0 0 2 2 20 28 0 8 2 16 7 55 28 1 12 0 0 0 0 1 1 1 6 6 6 2 3 13 1 0 0 0 0 3 621
2 851 22 845 63 174 19 26 7035 98 52 5527 69 16 1037 597 15 3 12 244 22 5217 40 9893 251 43 1865 307 82 6 8 23 18 87 649 2904 209 145 104 1625 119 7 227 22 30 21 135 10 4 3 853 9 190 15 14 6 14 5029 7 12 165 56 17 8 415 2 0 1 26 19 2234 35 2337 114 8 858 152 22 10 5 3 5 28 158
143 0 10 452 41 4547 1682 5921 98 5225 111 2309 50 1254 180 1 24 5 40 1075 6 0 15 168 10 19 17 390 310 10 1 20 5 192 9244 332 27 316 230 243 47 4 48 4 9 7 69 5 3 0 0 0 73 8 15 3 9 16 14 2 43 13 7 13 1 0 0 0 8 0 0 3 93 1 0 3 46 8 0 0 2 3 3 539
2 28 15 15 5280 473 63 239 52 111 37046 166 12166 646 341 6 2173 6156 3612 95 31 7 45 37 1253 7928 193 38 16443 11 548 10136 48 23480 241 1435 2540 3822 2409 4468 5926 746 221 747 60 119 57 42 251 0 10 3 3 19 7 2 3 5 1 960 12 3166 2 5 5 1 5 1 1 1 0 7 13 323 124 177 9 7 1 155 11 0 75 71
1 13 7 2057 180 15366 30 1247 5527 2309 166 16955 77 154 5512 19 25 17 39 4962 6 49 11 4343 25 28 100 248 252 0 1 64 3 293 31559 2502 159 293 232 3799 237 15 168 17 21 30 227 22 7 0 9 3 107 77 1458 5 212 241 398 12 2620 22 10 426 10 0 0 1 76 7 14 13 577 4 2 21 76 15 2 2 6 0 17 14964
1 334 15 18 1823 199 22 136 69 50 12166 77 13983 210 183 29 41 30 59 38 28 53 28 44 12257 976 4179 26 960 2 4326 2075 20 4938 362 1678 2383 3267 3045 2920 3572 1004 514 1394 303 464 178 271 978 0 152 12 19 45 30 3 19 19 10 3406 11 21089 5 6 20 1 5 4 5 13 23 21 27 2791 629 1714 22 30 0 1166 89 1 392 107
6256 0 305 26 42 863 2520 23267 16 1254 646 154 210 19617 12 5 364 21 127 70 129 1 859 47 39 48 31 130 22986 468 18 2345 19 848 40 251 79 397 342 214 171 21 13 8 2 3 6 2 6 0 1 0 2 0 0 0 1 5 0 5 4 38 1 0 1 0 0 0 0 0 0 0 16 5 1 3 14 1 0 2 1 0 0 4
1 2 2 70 1129 9489 24 1147 1037 180 341 5512 183 12 4228 19 1 3 1 73 31 17 15 275 29 5 35 52 30 1 2 327 2 69 14922 787 69 50 59 7211 729 26 44 6 3 12 43 3 3 0 5 0 17 23 102 1 14 11 13 16 271 25 0 65 3 1 0 0 2 0 5 2 32 4 2 2 16 3 0 0 2 0 3 1746
0 595 158 15 8 9 6 8 597 1 6 19 29 5 19 6810 54 0 8 0 76 10915 470 6705 97 14 7239 203 38 5 2 8 9 219 357 3120 502 999 857 276 32 3 432 155 131 64 36 6 6 0 523 48 9 1 1 0 1 696 2 10 5 20 2 2 2687 21 0 12 0 182 2492 814 938 60 28 1943 274 5 0 2 0 1 20 165
29 63 7255 3 15 22 37 101 15 24 2173 25 41 364 1 54 12030 148 5167 14 570 21 7285 21 14 4649 5994 38 11094 459 3 123 180 18151 19 932 337 2573 315 46 42 0 39 64 21 5 3 3 2 0 54 59 0 0 0 0 0 7 0 3 0 16 0 0 13 22 1 22 0 1 14 10 7 4 83 480 6 5 0 0 0 0 5 10
0 7 0 1 17 6 5 11 3 5 6156 17 30 21 3 0 148 5615 4306 5 4 0 1 2 8 3527 86 1 729 2 4 64 6 673 3 351 588 585 281 14 25 6 11 13 0 0 2 0 1 0 1 1 0 0 0 0 0 0 0 4 0 32 0 0 0 0 0 1 0 0 1 0 1 9 52 130 0 0 0 12 0 0 2 4
2 13 62 8 25 26 26 34 12 40 3612 39 59 127 1 8 5167 4306 6855 32 20 3 58 12 16 3499 411 13 3031 5 1 99 57 6438 19 1513 1825 3190 827 40 23 8 26 17 4 4 0 0 4 0 8 3 1 0 1 0 0 1 0 8 1 37 0 0 1 0 1 3 0 0 3 2 2 12 85 264 3 0 0 21 0 0 1 5
0 1 1 2046 15 310 6 118 244 1075 95 4962 38 70 73 0 14 5 32 2286 1 0 3 984 11 10 11 325 178 0 1 15 2 120 114 301 31 240 165 243 49 6 21 2 2 3 13 3 2 0 0 0 101 0 1 0 5 6 7 0 399 7 0 2 1 0 0 0 82 1 0 0 32 1 0 1 11 1 0 1 0 0 5 14
36 4 472 3 6 13 126 114 22 6 31 6 28 129 31 76 570 4 20 1 5612 48 5217 51 12 34 157 208 3612 5019 1 11 2482 5920 403 2031 154 2772 1137 201 32 0 68 13 5 7 6 2 2 0 6 4 1 2 2 1 2 10 2 6 6 19 1 1 74 1 0 0 0 48 17 31 79 2 1 23 85 0 0 1 1 0 1 133
0 2459 34 85 0 0 0 2 5217 0 7 49 53 1 17 10915 21 0 3 0 48 7107 59 7791 499 44 13905 187 4 3 14 2 2 22 19 339 54 56 42 141 7 1 166 64 53 40 36 2 5 1 3130 25 22 2 1 0 1 3471 1 2 31 97 1 2 2817 12 0 6 2 97 6932 241 2153 345 13 4675 219 10 2 2 1 1 12 21
193 8 6514 2 19 24 305 664 40 15 45 11 28 859 15 470 7285 1 58 3 5217 59 9784 56 12 372 5923 172 4059 2313 0 15 598 4215 344 2346 230 2673 1261 271 61 5 110 41 52 27 15 5 0 1 10 71 0 2 1 2 1 29 1 6 4 12 0 3 292 20 0 4 0 23 103 258 56 1 38 652 21 2 3 0 0 0 11 157
7 601 10 7445 17 46 83 34 9893 168 37 4343 44 47 275 6705 21 2 12 984 51 7791 56 20867 152 22 2223 1064 298 31 8 11 70 218 158 1647 104 427 299 956 60 6 572 54 115 68 284 40 13 1 626 8 778 28 24 30 58 4603 9 21 668 40 65 30 961 5 2 9 115 144 2449 113 9080 90 8 761 1161 113 18 0 16 16 92 52
0 5139 16 8 221 31 6 22 251 10 1253 25 12257 39 29 97 14 8 16 11 12 499 12 152 14096 116 12402 24 92 0 777 229 3 469 100 690 741 784 1013 492 457 699 561 835 293 420 114 189 865 0 1347 5 12 41 26 2 15 94 3 1684 6 13012 6 4 36 6 9 14 3 15 246 15 50 6911 254 5037 21 39 1 571 78 3 346 49
6 183 3741 5 31 18 21 25 43 19 7928 28 976 48 5 14 4649 3527 3499 10 34 44 372 22 116 46167 7809 20 408 15 1531 91 25 863 19 1825 2096 1941 825 77 40 26 122 248 58 19 6 3 8 0 145 118 0 2 0 0 0 16 0 113 0 417 0 1 5 66 6 83 0 0 33 4 10 120 539 2274 2 23 0 181 0 0 12 12
2 17407 8453 51 37 33 19 24 1865 17 193 100 4179 31 35 7239 5994 86 411 11 157 13905 5923 2223 12402 7809 83203 219 726 12 889 22 62 1936 607 14147 3817 4294 2547 876 107 24 757 631 432 211 78 14 18 3 5956 1098 10 10 6 6 1 869 2 124 28 1094 3 8 2009 340 21 234 3 32 4225 955 514 2078 1155 23649 49 41 5 211 2 1 46 446
32 21 40 426 12 59 2658 135 307 390 38 248 26 130 52 203 38 1 13 325 208 187 172 1064 24 20 219 2032 388 856 1 7 69 305 130 1342 80 573 417 253 34 9 230 18 55 30 123 14 4 2 18 1 138 4 11 6 18 132 4 7 42 13 27 10 82 3 0 1 17 61 43 31 547 4 3 34 511 41 7 0 6 3 52 45
2982 11 381 84 415 459 776 1185 82 310 16443 252 960 22986 30 38 11094 729 3031 178 3612 4 4059 298 92 408 726 388 50292 7423 50 3938 4016 19307 56 774 290 3296 927 569 975 66 56 19 21 20 13 5 11 0 6 6 12 2 3 3 2 24 1 18 14 135 7 3 7 1 1 1 0 3 6 0 92 22 9 73 64 9 3 3 0 5 22 8
643 1 205 0 2 9 1994 229 6 10 11 0 2 468 1 5 459 2 5 0 5019 3 2313 31 0 15 12 856 7423 10171 1 1 1665 818 10 57 3 161 55 10 4 0 2 0 0 0 0 1 0 0 0 0 0 0 1 0 0 2 0 0 0 2 0 0 0 0 0 0 0 0 0 0 11 0 0 3 1 0 0 0 0 0 2 8
0 60 1 0 13 7 1 3 8 1 548 1 4326 18 2 2 3 4 1 1 1 14 0 8 777 1531 889 1 50 1 349 31 4 103 2 124 523 302 208 14 24 11 15 158 18 20 0 3 14 0 20 0 1 0 1 0 0 3 0 139 0 843 0 0 0 0 2 0 0 0 13 0 0 95 182 235 0 1 0 190 5 0 2 4
0 3 1 9 4270 2409 8 2153 23 20 10136 64 2075 2345 327 8 123 64 99 15 11 2 15 11 229 91 22 7 3938 1 31 4174 2 4840 133 294 242 676 704 2632 2827 155 27 34 11 24 13 13 42 0 2 3 4 4 3 0 2 1 0 103 0 298 1 1 1 0 0 0 0 1 0 0 7 43 2 6 5 1 0 3 1 0 5 33
0 3 20 10 2 0 13 7 18 5 48 3 20 19 2 9 180 6 57 2 2482 2 598 70 3 25 62 69 4016 1665 4 2 1801 2778 7 32 24 986 97 7 7 3 10 0 0 2 2 2 0 0 0 0 2 0 0 3 0 4 0 0 0 5 2 0 0 0 0 0 1 0 1 0 30 1 0 5 28 7 0 0 0 0 3 0
11 18 259 56 2032 580 131 412 87 192 23480 293 4938 848 69 219 18151 673 6438 120 5920 22 4215 218 469 863 1936 305 19307 818 103 4840 2778 30573 131 922 694 10226 1632 2240 4274 381 85 106 34 36 27 17 64 0 8 10 7 6 3 2 2 24 1 154 13 811 6 1 15 7 1 3 0 5 14 15 70 120 18 139 69 8 0 9 2 0 16 35
3 3 39 46 4601 49795 42 20956 649 9244 241 31559 362 40 14922 357 19 3 19 114 403 19 344 158 100 19 607 130 56 10 2 133 7 131 410282 1756 339 297 902 1982 390 100 671 228 114 670 405 172 58 1 8 34 5 1129 4810 13 588 157 1057 223 5684 276 8 2538 129 15 8 9 4 142 15 309 135 44 24 273 143 6 6 7 11 0 34 131387
15 110 1536 233 284 649 224 298 2904 332 1435 2502 1678 251 787 3120 932 351 1513 301 2031 339 2346 1647 690 1825 14147 1342 774 57 124 294 32 922 1756 22854 16341 2841 1550 7679 1384 361 4200 759 287 240 492 94 162 5 108 103 161 35 54 24 43 231 18 318 101 664 41 33 306 32 31 39 22 85 153 217 658 146 188 924 645 107 9 41 20 14 131 770
1 43 169 23 235 90 22 49 209 27 2540 159 2383 79 69 502 337 588 1825 31 154 54 230 104 741 2096 3817 80 290 3 523 242 24 694 339 16341 18185 4180 2777 1270 491 911 508 1116 110 101 62 31 242 0 31 35 6 5 3 1 9 13 2 771 10 1555 7 1 60 15 2 12 1 6 33 32 35 197 151 454 35 18 1 162 29 0 75 160
31 37 555 77 374 238 235 311 145 316 3822 293 3267 397 50 999 2573 585 3190 240 2772 56 2673 427 784 1941 4294 573 3296 161 302 676 986 10226 297 2841 4180 11568 8999 570 732 659 237 231 51 59 45 28 100 2 25 28 20 9 3 7 8 62 1 258 15 776 18 5 78 11 0 11 4 12 26 53 151 159 38 308 132 34 2 18 9 0 40 146
9 19 360 75 487 249 173 256 104 230 2409 232 3045 342 59 857 315 281 827 165 1137 42 1261 299 1013 825 2547 417 927 55 208 704 97 1632 902 1550 2777 8999 882 1508 1753 635 178 202 68 135 58 51 194 0 21 22 22 23 9 7 6 33 9 362 23 1035 10 7 76 7 4 4 1 19 21 45 131 195 26 189 115 28 1 26 14 3 50 641
1 56 64 239 6023 6686 51 1147 1625 243 4468 3799 2920 214 7211 276 46 14 40 243 201 141 271 956 492 77 876 253 569 10 14 2632 7 2240 1982 7679 1270 570 1508 12674 12607 276 506 114 51 87 449 64 81 1 41 4 246 79 60 9 47 47 18 207 98 655 28 64 30 2 1 3 18 3 53 31 286 92 11 104 193 40 5 10 14 7 51 465
1 2 22 22 3828 1460 27 287 119 47 5926 237 3572 171 729 32 42 25 23 49 32 7 61 60 457 40 107 34 975 4 24 2827 7 4274 390 1384 491 732 1753 12607 5356 292 67 93 23 51 32 13 68 0 5 3 13 10 0 2 3 4 2 205 13 712 1 7 6 0 3 1 0 3 3 4 32 104 5 21 20 5 0 14 4 0 20 100
0 7 1 2 180 34 4 18 7 4 746 15 1004 21 26 3 0 6 8 6 0 1 5 6 699 26 24 9 66 0 11 155 3 381 100 361 911 659 635 276 292 68 119 179 45 44 23 26 127 0 11 0 2 9 10 0 4 2 0 298 0 855 0 1 2 2 0 0 0 3 0 3 4 257 17 36 7 2 0 24 7 0 38 20
2 55 61 128 34 32 8 12 227 48 221 168 514 13 44 432 39 11 26 21 68 166 110 572 561 122 757 230 56 2 15 27 10 85 671 4200 508 237 178 506 67 119 21564 11429 2865 2106 6234 1439 420 24 86 2823 534 800 911 284 837 1361 246 1108 1757 878 441 944 3785 342 658 646 150 3806 310 7499 2536 213 3348 13117 6821 914 113 123 330 13 989 2008
0 73 96 1 57 10 4 8 22 4 747 17 1394 8 6 155 64 13 17 2 13 64 41 54 835 248 631 18 19 0 158 34 0 106 228 759 1116 231 202 114 93 179 11429 18627 3299 3778 708 392 1594 0 93 769 34 100 127 11 95 229 22 1904 41 1921 36 25 1211 164 777 505 12 362 208 1527 290 299 2593 9696 606 198 11 601 266 2 771 425
0 38 28 23 11 4 3 2 30 9 60 21 303 2 3 131 21 0 4 2 5 53 52 115 293 58 432 55 21 0 18 11 0 34 114 287 110 51 68 51 23 45 2865 3299 12695 5929 788 1034 1015 116 43 2090 276 254 470 478 689 133 268 4595 225 1790 1169 41 1773 1921 1282 2801 151 4443 126 7409 828 94 5417 11719 2721 4776 895 943 929 588 9782 369
0 18 16 7 34 16 2 6 21 7 119 30 464 3 12 64 5 0 4 3 7 40 27 68 420 19 211 30 20 0 20 24 2 36 670 240 101 59 135 87 51 44 2106 3778 5929 640 1671 1354 707 28 26 731 164 233 351 186 342 84 169 2528 130 2146 313 65 840 281 503 518 80 1017 63 3175 322 191 2526 4297 885 717 160 744 477 47 1047 1724
0 18 2 140 24 22 4 10 135 69 57 227 178 6 43 36 3 2 0 13 6 36 15 284 114 6 78 123 13 0 0 13 2 27 405 492 62 45 58 449 32 23 6234 708 788 1671 12323 13673 152 8 59 65 616 7621 10685 105 5889 2216 508 5560 5612 1140 382 7342 530 39 23 65 291 650 129 1521 1979 55 166 786 869 671 65 60 2875 14 2591 3387
1 1 1 11 14 8 0 4 10 5 42 22 271 2 3 6 3 0 0 3 2 2 5 40 189 3 14 14 5 1 3 13 2 17 172 94 31 28 51 64 13 26 1439 392 1034 1354 13673 8525 263 1 8 30 83 2848 1376 37 695 120 76 8854 167 2106 81 828 64 23 38 62 31 89 7 217 144 43 141 234 224 609 28 107 2980 5 4291 520
0 23 3 5 25 11 2 7 4 3 251 7 978 6 3 6 2 1 4 2 2 5 0 13 865 8 18 4 11 0 14 42 0 64 58 162 242 100 194 81 68 127 420 1594 1015 707 152 263 168 0 50 4 7 71 48 2 52 11 8 1183 8 1276 17 2 5 1 44 35 6 5 4 11 11 339 292 183 23 116 1 191 204 1 621 44
0 0 0 1 0 0 0 0 3 0 0 0 0 0 0 0 0 0 0 0 0 1 1 1 0 0 3 2 0 0 0 0 0 0 1 5 0 2 0 1 0 0 24 0 116 28 8 1 0 3107 0 59 18 0 2 3003 533 6 8 1 0 1 9560 0 0 234 0 29 1 82 0 144 50 0 72 9 140 3543 1568 0 0 18 55 10
0 3340 70 12 4 0 1 0 853 0 10 9 152 1 5 523 54 1 8 0 6 3130 10 626 1347 145 5956 18 6 0 20 2 0 8 8 108 31 25 21 41 5 11 86 93 43 26 59 8 50 0 2494 63 21 3 3 0 4 1827 0 47 55 788 1 6 895 24 1 18 5 20 4123 69 968 1763 82 15087 83 10 0 19 4 0 9 9
0 105 214 0 1 0 0 2 9 0 3 3 12 0 0 48 59 1 3 0 4 25 71 8 5 118 1098 1 6 0 0 3 0 10 34 103 35 28 22 4 3 0 2823 769 2090 731 65 30 4 59 63 17305 1 9 13 525 109 47 3 18 5 10 410 3 163 4459 3 1227 1 987 39 13744 43 4 17946 19360 364 516 405 1 1 6 306 111
1 7 0 322 3 17 5 2 190 73 3 107 19 2 17 9 0 0 1 101 1 22 0 778 12 0 10 138 12 0 1 4 2 7 5 161 6 20 22 246 13 2 534 34 276 164 616 83 7 18 21 1 2101 44 457 30 667 776 739 95 1647 22 360 85 12 22 4 41 2725 12 46 15 10234 8 30 68 430 561 3 4 24 36 316 59
0 0 2 10 41 20 0 20 15 8 19 77 45 0 23 1 0 0 0 0 2 2 2 28 41 2 10 4 2 0 0 4 0 6 1129 35 5 9 23 79 10 9 800 100 254 233 7621 2848 71 0 3 9 44 2936 5514 11 3846 178 108 3478 388 531 83 1722 19 10 9 13 26 15 13 31 113 15 68 44 51 146 2 37 3569 0 1041 6239
0 0 1 26 4 239 1 28 14 15 7 1458 30 0 102 1 0 0 1 1 2 1 1 24 26 0 6 11 3 1 1 3 0 3 4810 54 3 3 9 60 0 10 911 127 470 351 10685 1376 48 2 3 13 457 5514 25460 195 44083 219 9894 832 11923 140 803 9257 14 25 14 38 228 28 5 37 192 6 71 40 338 638 12 26 3813 2 1030 47581
0 0 1 11 0 1 0 0 6 3 2 5 3 0 1 0 0 0 0 0 1 0 2 30 2 0 6 6 3 0 0 0 3 2 13 24 1 7 7 9 2 0 284 11 478 186 105 37 2 3003 0 525 30 11 195 35627 2354 41 2073 69 9 8 19213 16 5 393 7 75 2 495 2 1253 570 1 168 58 12827 1845 21306 5 10 27 319 81
0 0 0 31 3 38 1 8 14 9 3 212 19 1 14 1 0 0 0 5 2 1 1 58 15 0 1 18 2 0 0 2 0 2 588 43 9 8 6 47 3 4 837 95 689 342 5889 695 52 533 4 109 667 3846 44083 2354 74394 110 6422 489 1416 92 30827 2791 4 223 24 103 203 88 4 217 409 4 132 59 1213 2555 276 22 3640 38 724 17359
1 518 6 97 3 3 3 2 5029 16 5 241 19 5 11 696 7 0 1 6 10 3471 29 4603 94 16 869 132 24 2 3 1 4 24 157 231 13 62 33 47 4 2 1361 229 133 84 2216 120 11 6 1827 47 776 178 219 41 110 6882 32 59 3550 72 61 286 1235 4 10 13 376 23 6807 28 15111 241 52 2845 621 119 22 7 25 4 95 241
0 1 0 8 6 114 0 16 7 14 1 398 10 0 13 2 0 0 0 7 2 1 1 9 3 0 2 4 1 0 0 0 0 1 1057 18 2 1 9 18 2 0 246 22 268 169 508 76 8 8 0 3 739 108 9894 2073 6422 32 12395 127 2343 19 2045 538 3 19 4 43 850 5 0 11 68 0 32 19 1011 384 26 8 24 5 244 24660
0 46 1 8 112 18 0 7 12 2 960 12 3406 5 16 10 3 4 8 0 6 2 6 21 1684 113 124 7 18 0 139 103 0 154 223 318 771 258 362 207 205 298 1108 1904 4595 2528 5560 8854 1183 1 47 18 95 3478 832 69 489 59 127 36486 131 12081 446 186 31 472 8456 3838 77 95 9 139 127 676 5401 525 197 9042 42 903 10926 40 23679 228
0 15 0 804 18 404 1 55 165 43 12 2620 11 4 271 5 0 0 1 399 6 31 4 668 6 0 28 42 14 0 0 0 0 13 5684 101 10 15 23 98 13 0 1757 41 225 130 5612 167 8 0 55 5 1647 388 11923 9 1416 3550 2343 131 12444 28 139 4802 11 8 6 42 4560 10 75 21 4615 6 27 90 215 231 4 8 41 1 140 24107
0 613 6 5 311 33 7 28 56 13 3166 22 21089 38 25 20 16 32 37 7 19 97 12 40 13012 417 1094 13 135 2 843 298 5 811 276 664 1555 776 1035 655 712 855 878 1921 1790 2146 1140 2106 1276 1 788 10 22 531 140 8 92 72 19 12081 28 22709 34 36 30 11 23 28 8 20 93 45 49 10653 1062 11658 66 267 2 5963 1024 5 2084 135
0 2 0 10 0 3 0 1 17 7 2 10 5 1 0 2 0 0 0 0 1 1 0 65 6 0 3 27 7 0 0 1 2 6 8 41 7 18 10 28 1 0 441 36 1169 313 382 81 17 9560 1 410 360 83 803 19213 30827 61 2045 446 139 34 31965 32 9 1447 44 850 122 374 1 947 596 3 439 115 1708 24623 4664 11 1153 155 1374 548
0 1 2 8 32 64 0 12 8 13 5 426 6 0 65 2 0 0 0 2 1 2 3 30 4 1 8 10 3 0 0 1 0 1 2538 33 1 5 7 64 7 1 944 25 41 65 7342 828 2 0 6 3 85 1722 9257 16 2791 286 538 186 4802 36 32 4323 21 2 1 2 40 53 20 58 224 3 5 26 97 34 4 2 233 2 75 18861
0 259 18 9 3 1 0 0 415 1 5 10 20 1 3 2687 13 0 1 1 74 2817 292 961 36 5 2009 82 7 0 0 1 0 15 129 306 60 78 76 30 6 2 3785 1211 1773 840 530 64 5 0 895 163 12 19 14 5 4 1235 3 31 11 30 9 21 8557 189 2 59 1 485 11257 2496 9784 64 83 9596 807 77 14 2 7 12 296 553
0 33 82 2 1 0 0 0 2 0 1 0 1 0 1 21 22 0 0 0 1 12 20 5 6 66 340 3 1 0 0 0 0 7 15 32 15 11 7 2 0 2 342 164 1921 281 39 23 1 234 24 4459 22 10 25 393 223 4 19 472 8 11 1447 2 189 8372 76 7959 14 2365 51 8525 60 1 4508 6397 672 8429 4858 0 75 967 15349 20
0 1 0 0 1 0 0 0 0 0 5 0 5 0 0 0 1 0 1 0 0 0 0 2 9 6 21 0 1 0 2 0 0 1 8 31 2 0 4 1 3 0 658 777 1282 503 23 38 44 0 1 3 4 9 14 7 24 10 4 8456 6 23 44 1 2 76 8211 3374 7 15 0 26 13 2 7419 496 19 706 11 20 131 4 817 17
0 41 43 2 0 0 0 0 1 0 1 1 4 0 0 12 22 1 3 0 0 6 4 9 14 83 234 1 1 0 0 0 0 3 9 39 12 11 4 3 1 0 646 505 2801 518 65 62 35 29 18 1227 41 13 38 75 103 13 43 3838 42 28 850 2 59 7959 3374 12755 20 400 7 779 40 3 11980 4636 159 7065 445 5 295 115 16339 24
0 0 0 372 1 3 0 1 26 8 1 76 5 0 2 0 0 0 0 82 0 2 0 115 3 0 3 17 0 0 0 0 1 0 4 22 1 4 1 18 0 0 150 12 151 80 291 31 6 1 5 1 2725 26 228 2 203 376 850 77 4560 8 122 40 1 14 7 20 2721 1 10 4 3591 0 23 15 27 170 0 8 12 3 112 45
0 7 1 2 2 2 0 1 19 0 1 7 13 0 0 182 1 0 0 1 48 97 23 144 15 0 32 61 3 0 0 1 0 5 142 85 6 12 19 3 3 3 3806 362 4443 1017 650 89 5 82 20 987 12 15 28 495 88 23 5 95 10 20 374 53 485 2365 15 400 1 15132 79 18361 670 2 257 336 6658 7842 19027 6 26 1691 6429 624
0 1331 44 23 1 0 0 1 2234 0 0 14 23 0 5 2492 14 1 3 0 17 6932 103 2449 246 33 4225 43 6 0 13 0 1 14 15 153 33 26 21 53 3 0 310 208 126 63 129 7 4 0 4123 39 46 13 5 2 4 6807 0 9 75 93 1 20 11257 51 0 7 10 79 7990 349 7282 373 39 13718 305 8 0 7 0 1 23 34
0 29 24 3 5 0 0 6 35 3 7 13 21 0 2 814 10 0 2 0 31 241 258 113 15 4 955 31 0 0 0 0 0 15 309 217 32 53 45 31 4 3 7499 1527 7409 3175 1521 217 11 144 69 13744 15 31 37 1253 217 28 11 139 21 45 947 58 2496 8525 26 779 4 18361 349 30175 477 7 3634 8766 2475 4818 4014 8 31 1190 6415 1281
1 240 6 645 7 22 13 6 2337 93 13 577 27 16 32 938 7 1 2 32 79 2153 56 9080 50 10 514 547 92 11 0 7 30 70 135 658 35 151 131 286 32 4 2536 290 828 322 1979 144 11 50 968 43 10234 113 192 570 409 15111 68 127 4615 49 596 224 9784 60 13 40 3591 670 7282 477 40029 118 47 2613 4872 992 156 7 36 137 583 327
0 1396 17 0 62 7 2 6 114 1 323 4 2791 5 4 60 4 9 12 1 2 345 1 90 6911 120 2078 4 22 0 95 43 1 120 44 146 197 159 195 92 104 257 213 299 94 191 55 43 339 0 1763 4 8 15 6 1 4 241 0 676 6 10653 3 3 64 1 2 3 0 2 373 7 118 3368 122 10821 18 9 0 263 24 0 111 23
0 125 162 0 4 1 0 2 8 0 124 2 629 1 2 28 83 52 85 0 1 13 38 8 254 539 1155 3 9 0 182 2 0 18 24 188 151 38 26 11 5 17 3348 2593 5417 2526 166 141 292 72 82 17946 30 68 71 168 132 52 32 5401 27 1062 439 5 83 4508 7419 11980 23 257 39 3634 47 122 77680 11415 201 915 655 4202 264 23 1228 76
0 6542 1159 9 17 3 2 3 858 3 177 21 1714 3 2 1943 480 130 264 1 23 4675 652 761 5037 2274 23649 34 73 3 235 6 5 139 273 924 454 308 189 104 21 36 13117 9696 11719 4297 786 234 183 9 15087 19360 68 44 40 58 59 2845 19 525 90 11658 115 26 9596 6397 496 4636 15 336 13718 8766 2613 10821 11415 94367 497 1012 128 1420 71 33 1414 717
1 26 3 75 7 18 7 13 152 46 9 76 22 14 16 274 6 0 3 11 85 219 21 1161 21 2 49 511 64 1 0 5 28 69 143 645 35 132 115 193 20 7 6821 606 2721 885 869 224 23 140 83 364 430 51 338 12827 1213 621 1011 197 215 66 1708 97 807 672 19 159 27 6658 305 2475 4872 18 201 497 22687 1940 7396 14 55 276 1851 574
0 7 10 30 0 2 1 1 22 8 7 15 30 1 3 5 5 0 0 1 0 10 2 113 39 23 41 41 9 0 1 1 7 8 6 107 18 34 28 40 5 2 914 198 4776 717 671 609 116 3543 10 516 561 146 638 1845 2555 119 384 9042 231 267 24623 34 77 8429 706 7065 170 7842 8 4818 992 9 915 1012 1940 45367 13417 69 3063 6397 26213 50
0 0 1 1 0 0 0 0 10 0 1 2 0 0 0 0 0 0 0 0 0 2 3 18 1 0 5 7 3 0 0 0 0 0 6 9 1 2 1 5 0 0 113 11 895 160 65 28 1 1568 0 405 3 2 12 21306 276 22 26 42 4 2 4664 4 14 4858 11 445 0 19027 0 4014 156 0 655 128 7396 13417 41493 2 11 2024 2333 27
0 20 0 1 5 0 0 0 5 0 155 2 1166 2 0 2 0 12 21 1 1 2 0 0 571 181 211 0 3 0 190 3 0 9 7 41 162 18 26 10 14 24 123 601 943 744 60 107 191 0 19 1 4 37 26 5 22 7 8 903 8 5963 11 2 2 0 20 5 8 6 7 8 7 263 4202 1420 14 69 2 2036 121 2 245 9
0 2 0 5 2 0 0 0 3 2 11 6 89 1 2 0 0 0 0 0 1 1 0 16 78 0 2 6 0 0 5 1 0 2 11 20 29 9 14 14 4 7 330 266 929 477 2875 2980 204 0 4 1 24 3569 3813 10 3640 25 24 10926 41 1024 1153 233 7 75 131 295 12 26 0 31 36 24 264 71 55 3063 11 121 2989 11 5737 97
1 0 1 1 1 0 0 0 5 3 0 0 1 0 0 1 0 0 0 0 0 1 0 16 3 0 1 3 5 0 0 0 0 0 0 14 0 0 3 7 0 0 13 2 588 47 14 5 1 18 0 6 36 0 2 27 38 4 5 40 1 5 155 2 12 967 4 115 3 1691 1 1190 137 0 23 33 276 6397 2024 2 11 1345 3072 6
0 14 6 19 8 3 1 3 28 3 75 17 392 0 3 20 5 2 1 5 1 12 11 92 346 12 46 52 22 2 2 5 3 16 34 131 75 40 50 51 20 38 989 771 9782 1047 2591 4291 621 55 9 306 316 1041 1030 319 724 95 244 23679 140 2084 1374 75 296 15349 817 16339 112 6429 23 6415 583 111 1228 1414 1851 26213 2333 245 5737 3072 32877 109
2 2 43 6 380 4320 6 621 158 539 71 14964 107 4 1746 165 10 4 5 14 133 21 157 52 49 12 446 45 8 8 4 33 0 35 131387 770 160 146 641 465 100 20 2008 425 369 1724 3387 520 44 10 9 111 59 6239 47581 81 17359 241 24660 228 24107 135 548 18861 553 20 17 24 45 624 34 1281 327 23 76 717 574 50 27 9 97 6 109 547400
