13.755 0.000 102.728 87.917 0.000 71.781 20.136 26.914 81.545 20.375 114.881 102.273 91.377 18.039 140.986 0.000 116.311 0.000 144.359 0.000 83.542 0.000 100.399 76.926 0.000 133.213 147.467 70.500 16.140 28.418 0.000 0.000 0.000 96.089 179.272 117.809 99.088 99.728 100.857 93.621 128.929 0.000 140.707 0.000 0.000 0.000 0.000 192.575 0.000 0.000 0.000 0.000 160.501 0.000 0.000 0.000 0.000 74.094 0.000 0.000 0.000 0.000 0.000 0.000 0.000 0.000 0.000 0.000 0.000 0.000 0.000 0.000 126.909 0.000 0.000 0.000 150.583 0.000 0.000 0.000 0.000 154.432 0.000 186.078
0.000 18.217 57.610 104.351 108.796 0.000 0.000 0.000 75.273 0.000 67.797 97.152 53.465 0.000 119.247 53.528 64.360 69.601 77.284 161.523 93.696 38.349 112.810 81.891 23.130 62.582 21.507 98.704 78.613 125.895 70.579 87.950 93.324 83.413 158.439 86.542 57.448 64.113 74.149 96.346 88.026 49.444 91.125 57.401 73.585 76.091 109.570 88.532 52.642 0.000 20.784 68.187 118.869 0.000 0.000 0.000 0.000 75.717 183.629 64.560 106.808 43.953 137.780 125.953 58.250 82.346 93.318 79.283 0.000 103.274 39.694 81.778 87.895 25.419 68.021 35.167 116.855 92.749 0.000 76.295 84.559 0.000 84.989 154.616
102.728 57.610 18.142 0.000 121.066 131.858 95.494 121.257 99.187 123.528 131.687 122.974 121.116 121.370 126.758 76.813 43.939 0.000 72.249 154.653 66.177 78.271 38.437 118.246 87.291 23.831 43.128 88.397 96.983 71.568 167.005 118.843 87.191 76.724 149.371 71.479 54.520 60.679 64.492 94.153 113.449 171.893 119.236 86.803 110.054 115.756 136.441 154.454 126.009 0.000 72.376 109.317 0.000 114.086 161.803 159.840 0.000 120.559 0.000 158.855 0.000 127.509 0.000 131.945 119.346 125.118 0.000 125.186 0.000 159.234 96.714 122.481 140.182 94.391 112.586 106.845 170.482 132.482 152.444 0.000 0.000 128.873 137.280 158.908
87.917 104.351 0.000 14.512 107.255 67.837 35.070 92.387 31.263 40.259 148.290 29.936 149.097 117.525 72.121 79.303 139.959 186.891 175.214 27.509 106.797 61.902 117.878 15.853 128.740 170.497 111.353 20.959 103.819 0.000 0.000 129.618 84.491 115.660 55.021 85.276 119.787 107.744 100.445 72.658 113.041 124.238 101.847 196.828 141.441 141.877 111.521 158.878 137.810 179.096 109.264 0.000 55.683 155.556 112.919 137.071 137.302 54.772 63.716 154.740 22.445 151.308 133.837 122.625 99.923 189.251 0.000 137.062 16.560 151.490 72.803 162.621 53.033 0.000 0.000 122.351 143.140 153.696 166.288 185.971 172.756 154.526 160.407 129.098
0.000 108.796 121.066 107.255 15.186 22.580 102.086 29.857 57.735 86.390 30.258 69.693 34.929 53.481 24.050 106.066 62.368 59.364 82.089 105.729 114.010 0.000 103.675 83.343 50.014 84.369 120.092 129.763 35.858 93.211 90.527 19.417 77.173 23.512 58.415 70.674 47.904 34.018 34.331 22.035 18.937 34.625 92.670 70.919 85.736 66.245 89.687 70.057 50.684 0.000 99.103 185.758 148.562 41.030 116.923 0.000 121.451 99.360 118.399 53.858 88.829 52.689 0.000 61.887 143.104 196.835 138.618 0.000 166.965 158.402 122.019 155.385 158.603 60.343 115.305 118.591 167.232 0.000 0.000 114.859 65.923 183.989 66.833 93.763
71.781 0.000 131.858 67.837 22.580 19.466 50.263 21.432 34.826 31.393 56.615 26.172 74.656 27.888 21.031 133.096 90.715 100.099 118.133 45.501 123.676 0.000 130.133 71.154 83.527 117.838 140.368 79.476 41.507 80.711 125.231 18.406 0.000 46.207 28.760 60.164 93.163 59.836 56.232 25.519 29.081 65.112 110.464 108.317 150.935 118.415 117.359 120.194 94.909 0.000 0.000 0.000 160.128 118.962 85.670 162.399 109.353 103.921 65.312 96.813 56.042 92.266 159.581 104.039 156.874 0.000 0.000 0.000 111.128 186.827 0.000 0.000 134.090 89.545 190.634 164.952 148.434 172.326 0.000 0.000 0.000 0.000 114.307 65.434
20.136 0.000 95.494 35.070 102.086 50.263 13.775 47.016 69.101 18.169 125.874 56.305 125.943 35.249 66.881 153.324 113.461 164.972 154.011 54.850 65.678 0.000 83.596 54.543 116.574 142.526 141.481 27.292 44.233 17.730 164.953 120.438 73.722 95.736 103.870 87.701 117.151 85.786 81.829 79.531 87.390 107.512 115.995 136.116 165.224 158.801 128.502 0.000 118.183 0.000 121.221 0.000 105.233 0.000 189.293 0.000 181.116 69.739 0.000 0.000 100.919 122.690 0.000 0.000 0.000 0.000 0.000 0.000 0.000 0.000 0.000 0.000 125.141 153.424 0.000 156.199 139.104 167.965 0.000 0.000 0.000 0.000 130.591 143.709
26.914 0.000 121.257 92.387 29.857 21.432 47.016 17.354 94.671 27.871 71.176 58.266 81.665 15.561 33.259 137.717 126.012 115.591 92.815 76.735 103.640 106.596 117.465 91.907 90.306 131.808 145.919 88.725 30.656 76.862 114.962 17.016 83.964 57.977 31.138 91.106 87.133 78.580 63.770 38.098 40.547 63.525 130.770 107.430 190.247 125.551 139.738 150.169 90.887 0.000 0.000 176.091 163.852 92.481 107.900 0.000 130.472 109.718 84.847 103.376 79.025 91.304 187.483 106.878 0.000 0.000 0.000 0.000 150.928 169.830 139.771 181.313 167.271 107.364 187.932 183.346 170.283 189.957 0.000 0.000 0.000 0.000 112.962 91.949
81.545 75.273 99.187 31.263 57.735 34.826 69.101 94.671 13.938 76.303 108.193 16.573 111.460 100.008 28.490 39.308 125.383 141.629 121.543 34.426 93.705 29.010 97.723 19.752 104.576 123.250 76.364 59.704 91.813 69.550 141.449 80.743 72.881 87.675 28.646 30.117 63.134 82.112 76.404 30.146 61.169 91.741 63.722 85.829 105.103 101.223 66.383 116.420 95.801 88.613 75.878 133.783 60.519 117.498 103.987 82.339 130.293 16.553 112.096 126.640 35.853 121.683 108.458 71.544 51.545 166.689 0.000 187.159 61.679 100.855 35.186 114.309 28.455 99.408 140.176 80.451 87.666 116.390 91.797 148.713 136.790 103.139 122.163 44.460
20.375 0.000 123.528 40.259 86.390 31.393 18.169 27.871 76.303 14.997 146.197 27.767 141.471 26.703 68.052 163.801 136.265 178.567 169.315 19.765 109.515 0.000 117.306 50.357 131.663 172.717 172.055 25.635 102.727 41.248 168.315 121.857 81.734 104.566 29.403 102.442 139.151 99.360 95.805 79.613 107.866 135.234 121.617 167.951 177.634 154.636 129.726 169.943 130.100 0.000 0.000 0.000 152.038 132.848 94.016 146.676 123.425 91.225 118.495 166.306 65.419 147.258 178.322 118.035 176.157 0.000 0.000 0.000 127.798 0.000 0.000 183.697 138.414 162.507 0.000 187.997 156.163 181.175 0.000 0.000 154.895 153.313 185.339 61.326
114.881 67.797 131.687 148.290 30.258 56.615 125.874 71.176 108.193 146.197 18.431 122.189 21.183 59.472 51.389 122.778 27.550 18.001 24.988 137.029 118.855 103.962 135.430 125.564 39.570 18.115 86.189 141.221 29.323 126.175 25.431 28.318 71.358 26.411 106.922 65.542 44.523 45.971 47.686 44.944 35.406 32.061 71.180 57.770 65.017 59.598 103.289 68.629 47.964 0.000 76.555 131.022 151.052 78.473 116.190 159.657 151.282 111.194 194.825 60.714 139.784 46.215 158.392 100.554 148.458 128.860 124.273 121.470 174.173 192.718 0.000 157.846 166.353 53.691 100.710 100.868 174.067 111.756 157.230 96.907 82.135 0.000 67.060 121.870
102.273 97.152 122.974 29.936 69.693 26.172 56.305 58.266 16.573 27.767 122.189 17.657 114.064 99.646 29.167 120.853 131.263 147.803 152.753 21.534 137.877 62.290 112.936 18.065 113.556 147.859 124.432 56.744 93.578 0.000 154.062 87.651 69.254 87.868 30.023 39.823 91.621 88.320 88.948 33.652 70.266 104.951 71.954 115.538 126.731 109.628 83.317 118.619 115.277 0.000 101.349 168.524 104.704 97.247 57.426 142.220 75.322 29.045 35.642 134.581 23.654 132.813 151.827 67.388 140.615 0.000 0.000 137.741 29.519 164.199 67.813 183.922 38.687 106.270 162.847 135.230 127.552 152.087 127.348 161.282 129.613 0.000 150.223 42.236
91.377 53.465 121.116 149.097 34.929 74.656 125.943 81.665 111.460 141.471 21.183 114.064 17.161 85.161 52.970 119.459 88.311 68.529 93.965 138.427 126.934 103.986 144.084 125.065 20.930 23.910 23.259 131.695 61.927 118.334 17.596 42.749 80.910 32.702 98.621 57.685 43.967 41.447 40.735 41.817 35.455 25.713 58.504 53.382 53.927 47.678 72.204 52.575 30.315 0.000 62.939 119.069 156.236 64.241 96.571 140.453 109.193 117.587 144.541 40.526 116.685 24.051 116.123 81.285 127.319 161.660 114.332 96.642 172.683 136.173 106.395 132.423 145.973 29.719 60.263 50.709 148.594 87.637 0.000 40.553 71.396 115.122 45.355 111.018
18.039 0.000 121.370 117.525 53.481 27.888 35.249 15.561 100.008 26.703 59.472 99.646 85.161 13.902 82.600 140.511 77.124 81.795 62.042 95.282 100.566 140.333 112.895 98.270 87.989 126.039 136.589 82.265 17.128 76.363 119.946 19.022 69.829 47.858 83.228 89.357 85.572 71.889 69.311 63.517 53.874 73.975 137.979 121.076 183.076 189.554 165.794 110.176 105.445 0.000 141.452 0.000 155.012 0.000 0.000 0.000 192.775 128.990 0.000 99.488 136.223 100.207 162.463 0.000 173.645 0.000 0.000 0.000 0.000 0.000 0.000 0.000 160.319 92.786 182.018 177.422 174.287 194.619 0.000 137.347 142.712 0.000 0.000 148.189
140.986 119.247 126.758 72.121 24.050 21.031 66.881 33.259 28.490 68.052 51.389 29.167 52.970 82.600 15.408 100.756 107.281 132.107 153.475 56.129 96.632 84.655 98.084 53.070 66.314 125.904 113.152 90.953 73.132 147.627 125.906 39.897 153.952 57.603 33.045 34.472 74.546 65.972 43.894 18.592 27.799 52.630 72.039 93.484 139.576 87.005 101.727 146.124 66.743 0.000 120.944 0.000 130.514 66.594 87.076 125.686 108.055 69.270 88.087 83.160 53.677 72.535 0.000 76.785 111.896 190.703 0.000 0.000 135.840 0.000 96.407 150.757 113.667 92.649 152.677 139.798 144.462 143.850 0.000 0.000 156.856 0.000 113.591 57.497
0.000 53.528 76.813 79.303 106.066 133.096 153.324 137.717 39.308 163.801 122.778 120.853 119.459 140.511 100.756 17.867 96.923 0.000 161.901 0.000 50.839 18.824 62.847 23.013 91.018 125.198 29.093 48.946 103.359 77.887 136.203 136.064 88.441 84.149 147.385 72.153 55.372 70.793 72.854 92.801 93.852 108.688 106.851 96.329 109.337 115.967 118.750 135.276 110.601 0.000 57.672 115.833 102.342 145.154 196.828 0.000 162.389 38.545 167.245 125.394 90.926 115.740 149.954 122.064 62.963 133.753 0.000 140.879 0.000 109.714 30.182 110.442 62.832 90.463 130.673 66.449 107.067 146.457 0.000 151.776 0.000 145.331 124.119 167.128
116.311 64.360 43.939 139.959 62.368 90.715 113.461 126.012 125.383 136.265 27.550 131.263 88.311 77.124 107.281 96.923 18.082 39.758 21.670 129.703 49.812 100.329 23.608 114.251 112.288 29.791 77.525 112.948 23.816 75.421 89.793 45.901 59.288 22.231 148.369 80.221 61.838 40.742 63.086 98.029 63.711 0.000 128.591 90.398 128.145 140.976 156.652 170.732 87.445 0.000 83.023 122.057 0.000 0.000 0.000 0.000 0.000 146.070 0.000 90.290 0.000 104.590 0.000 0.000 123.388 136.853 190.420 129.137 0.000 183.828 120.195 144.884 178.242 92.701 120.407 114.375 183.118 134.103 0.000 0.000 0.000 0.000 129.991 160.108
0.000 69.601 0.000 186.891 59.364 100.099 164.972 115.591 141.629 178.567 18.001 147.803 68.529 81.795 132.107 0.000 39.758 12.962 15.914 164.363 154.825 0.000 141.716 163.811 92.985 16.543 64.372 163.168 42.667 158.264 80.481 54.791 98.059 56.002 160.477 88.897 54.992 65.447 67.034 89.957 71.253 67.570 100.276 86.841 0.000 0.000 164.065 0.000 78.178 0.000 106.113 127.674 0.000 0.000 0.000 0.000 0.000 0.000 0.000 102.694 0.000 102.073 0.000 0.000 0.000 0.000 0.000 122.157 0.000 0.000 152.355 0.000 173.193 90.788 117.177 113.739 0.000 0.000 0.000 117.455 0.000 0.000 86.403 138.342
144.359 77.284 72.249 175.214 82.089 118.133 154.011 92.815 121.543 169.315 24.988 152.753 93.965 62.042 153.475 161.901 21.670 15.914 15.439 152.023 114.687 106.104 100.904 151.881 105.834 21.099 79.652 155.628 38.348 131.654 89.260 73.663 90.326 38.202 154.652 85.627 56.132 60.310 66.330 118.963 79.723 82.478 109.735 99.354 137.360 129.373 0.000 0.000 98.647 0.000 95.770 122.033 190.412 0.000 163.206 0.000 0.000 140.271 0.000 108.571 175.476 107.334 0.000 0.000 187.851 0.000 183.004 125.905 0.000 0.000 141.333 181.588 195.771 91.970 118.097 115.846 194.414 0.000 0.000 123.161 0.000 0.000 196.851 142.656
0.000 161.523 154.653 27.509 105.729 45.501 54.850 76.735 34.426 19.765 137.029 21.534 138.427 95.282 56.129 0.000 129.703 164.363 152.023 14.033 122.276 0.000 165.142 22.091 132.192 161.424 165.581 34.455 97.188 0.000 170.305 121.465 83.582 93.577 45.036 89.934 120.740 88.897 85.594 63.536 93.986 115.535 121.560 152.233 152.169 154.618 121.673 178.894 153.718 0.000 0.000 0.000 32.970 0.000 49.201 0.000 178.425 85.332 16.978 0.000 16.098 136.128 0.000 186.077 166.631 0.000 0.000 0.000 23.423 196.402 0.000 0.000 86.623 176.509 0.000 177.313 153.631 125.368 0.000 192.341 0.000 0.000 159.695 61.119
83.542 93.696 66.177 106.797 114.010 123.676 65.678 103.640 93.705 109.515 118.855 137.877 126.934 100.566 96.632 50.839 49.812 154.825 114.687 122.276 15.207 59.835 25.747 60.068 121.738 96.553 84.071 40.438 19.029 22.245 176.692 118.569 16.384 23.742 141.245 69.108 65.593 53.801 65.332 83.790 88.200 0.000 112.888 128.691 145.315 130.262 129.438 130.378 160.485 0.000 109.922 149.951 157.910 123.348 189.630 141.821 162.992 105.701 182.059 139.182 158.821 127.048 157.170 128.242 110.512 144.366 0.000 0.000 0.000 126.120 82.417 136.728 117.791 139.278 142.664 128.134 123.694 0.000 0.000 177.175 193.981 0.000 130.904 163.200
0.000 38.349 78.271 61.902 0.000 0.000 0.000 106.596 29.010 0.000 103.962 62.290 103.986 140.333 84.655 18.824 100.329 0.000 106.104 0.000 59.835 18.852 64.360 30.038 74.307 103.616 26.908 52.075 106.168 58.269 115.060 121.956 70.812 82.885 142.442 69.145 64.570 75.009 69.641 62.479 115.522 101.327 81.954 72.956 90.924 94.219 89.422 97.259 89.850 91.193 40.071 90.316 76.159 132.767 117.051 0.000 124.792 26.602 190.635 121.062 71.935 81.077 113.112 129.088 32.922 107.886 0.000 125.587 56.906 85.761 21.294 88.344 38.287 63.660 108.717 44.813 83.496 126.368 123.387 129.756 143.244 96.406 130.961 151.692
100.399 112.810 38.437 117.878 103.675 130.133 83.596 117.465 97.723 117.306 135.430 112.936 144.084 112.895 98.084 62.847 23.608 141.716 100.904 165.142 25.747 64.360 18.056 85.610 148.223 69.236 58.305 67.266 37.305 61.934 0.000 136.676 28.291 32.439 143.766 71.567 59.510 61.121 68.395 89.198 96.466 130.176 112.556 101.149 119.680 121.144 138.291 135.180 0.000 175.936 98.731 117.272 0.000 146.766 183.560 142.858 161.773 108.277 186.942 138.239 158.426 131.369 0.000 139.421 109.005 139.918 0.000 139.280 0.000 129.913 91.409 120.675 122.026 196.804 130.282 113.486 133.878 165.157 161.071 0.000 0.000 0.000 143.012 162.203
76.926 81.891 118.246 15.853 83.343 71.154 54.543 91.907 19.752 50.357 125.564 18.065 125.065 98.270 53.070 23.013 114.251 163.811 151.881 22.091 60.068 30.038 85.610 14.830 114.029 141.118 70.816 20.972 87.503 66.364 157.211 119.755 76.144 81.921 74.435 65.770 83.229 79.103 78.482 53.767 87.067 109.615 106.600 123.075 136.342 134.893 99.847 142.518 115.607 131.835 82.582 129.358 51.956 138.775 147.376 122.058 154.681 22.846 142.866 170.131 24.225 133.056 143.816 113.499 58.558 153.007 195.035 188.195 32.503 111.368 37.155 126.912 28.658 107.524 143.453 84.596 103.382 151.033 123.318 0.000 175.538 126.060 144.996 141.092
0.000 23.130 87.291 128.740 50.014 83.527 116.574 90.306 104.576 131.663 39.570 113.556 20.930 87.989 66.314 91.018 112.288 92.985 105.834 132.192 121.738 74.307 148.223 114.029 16.049 73.059 21.670 127.699 76.193 0.000 31.549 60.257 75.250 44.561 102.261 53.804 33.615 39.982 38.609 59.325 46.269 22.704 48.368 36.059 42.125 37.377 71.848 54.914 24.781 0.000 35.307 110.799 142.895 68.797 94.772 142.901 98.365 106.787 148.734 35.743 120.723 22.916 129.593 94.456 103.811 107.973 82.349 91.746 141.610 133.533 75.581 127.978 120.909 20.183 72.621 31.817 136.733 82.575 93.470 45.727 64.630 118.617 38.770 110.531
133.213 62.582 23.831 170.497 84.369 117.838 142.526 131.808 123.250 172.717 18.115 147.859 23.910 126.039 125.904 125.198 29.791 16.543 21.099 161.424 96.553 103.616 69.236 141.118 73.059 15.061 33.878 150.715 90.456 100.255 15.966 81.809 97.400 71.796 151.155 83.054 56.012 62.867 66.048 120.889 94.129 69.648 113.504 82.403 113.120 116.599 157.569 132.377 79.878 0.000 72.160 113.327 0.000 150.802 0.000 0.000 0.000 140.908 0.000 101.513 0.000 89.884 0.000 174.215 134.196 126.181 119.167 121.683 0.000 0.000 100.312 138.601 165.301 78.769 110.535 105.516 190.118 132.923 0.000 109.983 0.000 0.000 130.439 158.014
147.467 21.507 43.128 111.353 120.092 140.368 141.481 145.919 76.364 172.055 86.189 124.432 23.259 136.589 113.152 29.093 77.525 64.372 79.652 165.581 84.071 26.908 58.305 70.816 21.670 33.878 17.549 86.271 91.446 105.184 20.985 114.943 93.622 78.512 151.301 78.034 54.505 65.243 69.350 100.640 107.410 86.985 108.170 74.639 100.389 107.607 132.274 123.526 86.782 169.244 31.963 102.606 134.996 142.476 177.842 158.006 178.141 79.678 174.682 100.835 121.625 65.235 148.974 146.510 56.382 116.865 109.762 109.544 119.005 130.964 38.737 108.723 94.194 35.503 103.784 53.779 129.622 126.271 152.974 94.807 128.369 117.909 117.023 172.338
70.500 98.704 88.397 20.959 129.763 79.476 27.292 88.725 59.704 25.635 141.221 56.744 131.695 82.265 90.953 48.946 112.948 163.168 155.628 34.455 40.438 52.075 67.266 20.972 127.699 150.715 86.271 15.794 89.254 26.843 164.359 118.526 73.692 83.588 137.907 73.080 86.867 77.554 78.973 81.592 96.651 116.772 118.933 127.814 152.077 144.765 115.170 153.680 133.834 139.828 102.609 139.381 137.751 156.237 144.101 136.798 173.756 74.787 156.435 163.096 78.025 141.364 159.122 143.912 116.243 172.872 0.000 173.112 107.151 126.693 73.018 133.231 114.523 125.219 148.812 126.142 126.457 161.536 143.222 0.000 192.658 131.976 149.262 169.432
16.140 78.613 96.983 103.819 35.858 41.507 44.233 30.656 91.813 102.727 29.323 93.578 61.927 17.128 73.132 103.359 23.816 42.667 38.348 97.188 19.029 106.168 37.305 87.503 76.193 90.456 91.446 89.254 17.041 22.734 95.514 20.650 19.784 25.729 123.726 71.966 70.342 38.247 50.191 55.896 37.223 56.804 149.652 98.691 159.506 147.120 159.746 191.303 74.704 0.000 115.408 130.350 142.362 101.246 145.481 161.003 195.099 114.489 176.100 85.570 122.637 79.786 179.985 170.910 138.013 158.536 147.015 196.823 0.000 163.344 124.692 0.000 151.527 86.882 142.018 129.903 159.336 179.118 179.262 135.883 0.000 180.827 167.257 169.034
28.418 125.895 71.568 0.000 93.211 80.711 17.730 76.862 69.550 41.248 126.175 0.000 118.334 76.363 147.627 77.887 75.421 158.264 131.654 0.000 22.245 58.269 61.934 66.364 0.000 100.255 105.184 26.843 22.734 14.601 196.533 111.211 21.777 31.056 134.258 66.676 103.495 63.717 71.853 89.476 92.401 0.000 143.706 0.000 0.000 0.000 0.000 147.641 0.000 0.000 0.000 0.000 0.000 0.000 170.985 0.000 0.000 92.864 0.000 0.000 0.000 114.567 0.000 0.000 0.000 0.000 0.000 0.000 0.000 0.000 0.000 0.000 120.234 0.000 0.000 138.705 127.707 0.000 0.000 0.000 0.000 0.000 154.163 159.100
0.000 70.579 167.005 0.000 90.527 125.231 164.953 114.962 141.449 168.315 25.431 154.062 17.596 119.946 125.906 136.203 89.793 80.481 89.260 170.305 176.692 115.060 0.000 157.211 31.549 15.966 20.985 164.359 95.514 196.533 13.045 85.972 96.766 78.770 163.825 90.171 60.495 69.713 70.778 116.113 85.233 67.278 101.458 77.733 76.553 80.991 0.000 90.265 78.281 0.000 84.913 0.000 167.282 0.000 109.121 0.000 0.000 169.225 0.000 94.754 0.000 53.750 0.000 0.000 0.000 0.000 114.221 0.000 0.000 0.000 114.451 0.000 0.000 67.499 78.324 105.175 0.000 121.142 0.000 85.165 99.587 0.000 75.015 159.309
0.000 87.950 118.843 129.618 19.417 18.406 120.438 17.016 80.743 121.857 28.318 87.651 42.749 19.022 39.897 136.064 45.901 54.791 73.663 121.465 118.569 121.956 136.676 119.755 60.257 81.809 114.943 118.526 20.650 111.211 85.972 14.964 64.857 25.644 98.614 76.153 58.667 37.073 41.362 35.615 28.704 43.134 89.582 82.935 89.485 80.478 124.252 72.991 63.780 0.000 121.352 152.831 185.004 59.785 130.120 0.000 153.290 155.703 0.000 65.195 0.000 64.103 188.909 85.199 162.977 0.000 0.000 0.000 0.000 155.206 0.000 0.000 170.198 70.854 130.320 116.384 182.377 181.885 0.000 108.931 80.937 0.000 73.195 129.202
0.000 93.324 87.191 84.491 77.173 0.000 73.722 83.964 72.881 81.734 71.358 69.254 80.910 69.829 153.952 88.441 59.288 98.059 90.326 83.582 16.384 70.812 28.291 76.144 75.250 97.400 93.622 73.692 19.784 21.777 96.766 64.857 16.196 20.413 132.615 54.941 57.068 26.439 32.579 92.879 65.420 52.988 148.960 0.000 0.000 120.609 122.508 190.323 0.000 0.000 0.000 0.000 137.710 0.000 0.000 150.958 0.000 107.889 0.000 0.000 0.000 87.357 194.202 0.000 0.000 0.000 0.000 0.000 156.788 0.000 82.628 0.000 132.924 73.686 0.000 137.685 144.588 169.752 0.000 0.000 0.000 0.000 150.228 0.000
96.089 83.413 76.724 115.660 23.512 46.207 95.736 57.977 87.675 104.566 26.411 87.868 32.702 47.858 57.603 84.149 22.231 56.002 38.202 93.577 23.742 82.885 32.439 81.921 44.561 71.796 78.512 83.588 25.729 31.056 78.770 25.644 20.413 18.593 97.425 59.089 44.634 21.577 29.129 33.947 21.524 28.270 103.902 65.722 133.388 80.905 116.786 74.465 51.697 0.000 85.761 127.442 149.997 130.682 106.831 151.563 189.153 98.445 133.858 55.035 118.491 49.752 174.556 92.321 127.661 132.282 109.311 128.778 0.000 176.616 104.152 138.390 145.593 55.927 111.936 115.261 150.219 173.209 0.000 89.306 86.069 0.000 92.092 124.247
179.272 158.439 149.371 55.021 58.415 28.760 103.870 31.138 28.646 29.403 106.922 30.023 98.621 83.228 33.045 147.385 148.369 160.477 154.652 45.036 141.245 142.442 143.766 74.435 102.261 151.155 151.301 137.907 123.726 134.258 163.825 98.614 132.615 97.425 24.787 69.727 102.009 94.168 87.257 49.879 78.338 96.431 74.909 108.359 111.414 94.488 75.821 97.839 103.168 186.075 157.320 156.028 150.667 89.393 60.391 168.725 79.093 35.873 53.286 108.123 35.603 107.471 172.664 64.173 161.034 154.615 147.774 159.891 54.061 163.631 161.741 165.923 90.275 114.576 157.162 164.136 164.570 151.738 154.108 164.924 120.328 0.000 114.887 43.152
117.809 86.542 71.479 85.276 70.674 60.164 87.701 91.106 30.117 102.442 65.542 39.823 57.685 89.357 34.472 72.153 80.221 88.897 85.627 89.934 69.108 69.145 71.567 65.770 53.804 83.054 78.034 73.080 71.966 66.676 90.171 76.153 54.941 59.089 69.727 19.766 33.889 40.078 38.681 40.902 58.042 38.428 36.192 58.057 87.986 71.979 75.735 91.799 50.935 150.441 100.390 120.672 106.256 102.354 104.203 130.272 132.743 70.821 129.193 66.211 82.536 63.399 151.107 91.818 112.880 143.640 100.189 123.070 103.851 128.656 85.359 129.607 116.202 71.440 105.539 109.589 129.068 145.098 139.784 99.033 109.221 147.289 112.681 84.264
99.088 57.448 54.520 119.787 47.904 93.163 117.151 87.133 63.134 139.151 44.523 91.621 43.967 85.572 74.546 55.372 61.838 54.992 56.132 120.740 65.593 64.570 59.510 83.229 33.615 56.012 54.505 86.867 70.342 103.495 60.495 58.667 57.068 44.634 102.009 33.889 16.772 24.276 24.382 65.547 52.298 18.389 51.766 36.958 52.595 58.523 93.256 65.606 32.421 0.000 70.770 89.110 169.813 76.823 152.830 133.850 119.384 102.244 165.029 47.775 103.198 52.005 137.921 108.559 82.683 97.739 121.643 103.265 136.796 139.237 75.451 116.959 133.354 44.597 82.524 82.622 149.080 102.974 136.448 78.393 71.799 0.000 61.118 120.510
99.728 64.113 60.679 107.744 34.018 59.836 85.786 78.580 82.112 99.360 45.971 88.320 41.447 71.889 65.972 70.793 40.742 65.447 60.310 88.897 53.801 75.009 61.121 79.103 39.982 62.867 65.243 77.554 38.247 63.717 69.713 37.073 26.439 21.577 94.168 40.078 24.276 17.012 16.429 42.677 28.396 24.078 86.816 56.062 121.441 91.185 139.288 117.742 43.697 176.449 92.122 112.977 172.342 84.921 135.200 170.493 163.246 100.194 182.088 55.384 106.415 48.684 173.485 125.381 107.464 129.894 0.000 128.167 146.312 156.449 93.624 126.532 140.520 51.919 112.426 105.603 151.991 167.440 144.092 97.218 83.004 0.000 103.705 114.295
100.857 74.149 64.492 100.445 34.331 56.232 81.829 63.770 76.404 95.805 47.686 88.948 40.735 69.311 43.894 72.854 63.086 67.034 66.330 85.594 65.332 69.641 68.395 78.482 38.609 66.048 69.350 78.973 50.191 71.853 70.778 41.362 32.579 29.129 87.257 38.681 24.382 16.429 16.662 29.325 21.271 20.247 92.411 56.186 91.629 70.908 104.475 72.437 41.069 0.000 91.996 119.969 154.085 67.260 113.780 163.845 166.204 96.395 128.614 48.854 105.909 49.768 174.661 95.816 108.622 133.421 118.186 137.706 166.115 149.622 98.133 133.746 142.011 51.741 111.328 110.545 149.251 167.690 164.374 93.802 76.997 159.889 110.602 107.139
93.621 96.346 94.153 72.658 22.035 25.519 79.531 38.098 30.146 79.613 44.944 33.652 41.817 63.517 18.592 92.801 98.029 89.957 118.963 63.536 83.790 62.479 89.198 53.767 59.325 120.889 100.640 81.592 55.896 89.476 116.113 35.615 92.879 33.947 49.879 40.902 65.547 42.677 29.325 18.765 19.893 45.233 68.482 82.837 120.323 84.752 85.024 102.994 61.303 178.158 101.782 158.977 118.374 67.685 123.533 132.590 141.383 67.016 128.172 72.843 78.898 62.013 154.449 74.589 117.929 172.743 196.327 163.316 111.607 140.417 77.092 143.620 105.447 71.225 147.124 127.275 129.347 146.373 141.587 129.229 114.524 152.469 120.200 92.534
128.929 88.026 113.449 113.041 18.937 29.081 87.390 40.547 61.169 107.866 35.406 70.266 35.455 53.874 27.799 93.852 63.711 71.253 79.723 93.986 88.200 115.522 96.466 87.067 46.269 94.129 107.410 96.651 37.223 92.401 85.233 28.704 65.420 21.524 78.338 58.042 52.298 28.396 21.271 19.893 16.201 34.875 88.374 66.946 100.320 61.085 109.193 78.147 51.731 0.000 112.297 147.767 166.719 68.197 0.000 161.489 156.759 116.773 163.103 56.138 101.521 51.684 156.500 51.517 135.030 0.000 128.576 105.193 0.000 137.538 113.208 158.153 149.732 59.136 120.699 129.885 161.818 183.780 0.000 114.303 82.818 0.000 85.271 103.261
0.000 49.444 171.893 124.238 34.625 65.112 107.512 63.525 91.741 135.234 32.061 104.951 25.713 73.975 52.630 108.688 0.000 67.570 82.478 115.535 0.000 101.327 130.176 109.615 22.704 69.648 86.985 116.772 56.804 0.000 67.278 43.134 52.988 28.270 96.431 38.428 18.389 24.078 20.247 45.233 34.875 13.722 44.298 34.480 45.825 40.530 83.771 50.673 22.822 0.000 69.743 0.000 138.204 63.455 82.125 0.000 96.546 91.697 0.000 37.512 0.000 29.866 0.000 81.344 136.319 152.488 0.000 0.000 0.000 151.905 0.000 124.365 135.961 27.843 80.241 77.615 151.207 79.931 0.000 80.649 69.647 0.000 43.412 109.975
140.707 91.125 119.236 101.847 92.670 110.464 115.995 130.770 63.722 121.617 71.180 71.954 58.504 137.979 72.039 106.851 128.591 100.276 109.735 121.560 112.888 81.954 112.556 106.600 48.368 113.504 108.170 118.933 149.652 143.706 101.458 89.582 148.960 103.902 74.909 36.192 51.766 86.816 92.411 68.482 88.374 44.298 18.363 35.281 40.467 33.775 38.943 52.229 39.244 101.810 88.221 78.843 97.876 61.074 60.889 86.097 78.394 33.038 101.640 67.427 28.586 61.977 91.850 30.804 76.784 83.979 91.766 84.230 94.019 79.596 70.735 79.898 75.197 54.798 82.424 83.505 78.117 74.306 80.745 98.686 76.886 67.426 57.361 68.554
0.000 57.401 86.803 196.828 70.919 108.317 136.116 107.430 85.829 167.951 57.770 115.538 53.382 121.076 93.484 96.329 90.398 86.841 99.354 152.233 128.691 72.956 101.149 123.075 36.059 82.403 74.639 127.814 98.691 0.000 77.733 82.935 0.000 65.722 108.359 58.057 36.958 56.062 56.186 82.837 66.946 34.480 35.281 17.879 25.498 23.725 66.019 51.215 19.774 0.000 57.854 50.929 138.977 65.665 85.204 115.618 87.803 61.194 135.327 38.202 95.737 41.094 93.970 91.986 59.693 63.909 61.964 59.667 133.044 74.671 52.375 63.618 86.027 43.745 54.747 54.282 83.384 71.606 101.174 57.324 55.044 49.657 39.287 105.341
0.000 73.585 110.054 141.441 85.736 150.935 165.224 190.247 105.103 177.634 65.017 126.731 53.927 183.076 139.576 109.337 128.145 0.000 137.360 152.169 145.315 90.924 119.680 136.342 42.125 113.120 100.389 152.077 159.506 0.000 76.553 89.485 0.000 133.388 111.414 87.986 52.595 121.441 91.629 120.323 100.320 45.825 40.467 25.498 16.465 17.530 42.823 29.447 21.692 96.821 74.706 60.327 113.608 44.213 60.762 90.339 71.621 82.525 102.395 40.858 91.163 43.967 89.795 57.775 79.057 44.722 64.773 46.949 102.832 71.977 71.989 72.319 89.487 48.235 61.374 69.322 87.052 43.967 64.390 67.363 47.152 28.264 24.201 98.440
0.000 76.091 115.756 141.877 66.245 118.415 158.801 125.551 101.223 154.636 59.598 109.628 47.678 189.554 87.005 115.967 140.976 0.000 129.373 154.618 130.262 94.219 121.144 134.893 37.377 116.599 107.607 144.765 147.120 0.000 80.991 80.478 120.609 80.905 94.488 71.979 58.523 91.185 70.908 84.752 61.085 40.530 33.775 23.725 17.530 17.498 27.806 23.622 19.409 100.848 73.395 66.794 109.260 46.114 60.773 92.300 66.762 73.326 98.899 45.698 83.484 44.459 93.645 46.227 81.972 71.281 70.606 61.915 99.499 82.155 75.092 78.698 91.194 43.014 67.065 74.139 91.775 59.415 81.072 70.386 49.391 33.098 33.317 88.398
0.000 109.570 136.441 111.521 89.687 117.359 128.502 139.738 66.383 129.726 103.289 83.317 72.204 165.794 101.727 118.750 156.652 164.065 0.000 121.673 129.438 89.422 138.291 99.847 71.848 157.569 132.274 115.170 159.746 0.000 0.000 124.252 122.508 116.786 75.821 75.735 93.256 139.288 104.475 85.024 109.193 83.771 38.943 66.019 42.823 27.806 19.771 19.656 59.928 112.642 99.102 109.359 79.459 26.399 26.410 92.139 33.727 27.061 77.773 40.751 28.471 55.206 71.599 17.787 96.324 103.840 106.154 82.537 65.158 97.082 72.876 97.621 50.043 90.039 113.814 105.204 93.993 59.571 93.656 99.423 35.802 76.550 31.573 47.599
192.575 88.532 154.454 158.878 70.057 120.194 0.000 150.169 116.420 169.943 68.629 118.619 52.575 110.176 146.124 135.276 170.732 0.000 0.000 178.894 130.378 97.259 135.180 142.518 54.914 132.377 123.526 153.680 191.303 147.641 90.265 72.991 190.323 74.465 97.839 91.799 65.606 117.742 72.437 102.994 78.147 50.673 52.229 51.215 29.447 23.622 19.656 16.695 36.552 133.803 96.623 107.212 117.467 22.518 32.368 100.197 37.671 67.407 105.879 32.550 70.210 41.924 68.535 25.160 100.008 97.127 78.602 72.022 103.538 98.931 107.907 99.429 97.445 62.100 86.559 102.025 107.137 41.874 76.990 88.603 28.553 69.835 21.516 83.176
0.000 52.642 126.009 137.810 50.684 94.909 118.183 90.887 95.801 130.100 47.964 115.277 30.315 105.445 66.743 110.601 87.445 78.178 98.647 153.718 160.485 89.850 0.000 115.607 24.781 79.878 86.782 133.834 74.704 0.000 78.281 63.780 0.000 51.697 103.168 50.935 32.421 43.697 41.069 61.303 51.731 22.822 39.244 19.774 21.692 19.409 59.928 36.552 13.504 0.000 52.298 78.890 143.027 52.067 69.955 120.601 73.817 82.613 126.608 29.905 116.188 31.044 78.095 95.564 103.670 42.114 69.481 68.082 128.829 121.264 96.672 118.954 132.049 30.702 64.811 70.132 128.567 57.239 107.233 66.152 49.337 106.909 27.155 105.546
0.000 0.000 0.000 179.096 0.000 0.000 0.000 0.000 88.613 0.000 0.000 0.000 0.000 0.000 0.000 0.000 0.000 0.000 0.000 0.000 0.000 91.193 175.936 131.835 0.000 0.000 169.244 139.828 0.000 0.000 0.000 0.000 0.000 0.000 186.075 150.441 0.000 176.449 0.000 178.158 0.000 0.000 101.810 0.000 96.821 100.848 112.642 133.803 0.000 14.143 0.000 103.323 92.981 0.000 75.385 26.270 24.271 78.612 79.250 115.199 0.000 156.452 17.586 0.000 0.000 111.083 0.000 119.296 124.013 67.041 0.000 99.854 85.621 0.000 115.880 136.892 89.704 21.059 32.236 0.000 0.000 62.063 91.127 133.702
0.000 20.784 72.376 109.264 99.103 0.000 121.221 0.000 75.878 0.000 76.555 101.349 62.939 141.452 120.944 57.672 83.023 106.113 95.770 0.000 109.922 40.071 98.731 82.582 35.307 72.160 31.963 102.609 115.408 0.000 84.913 121.352 0.000 85.761 157.320 100.390 70.770 92.122 91.996 101.782 112.297 69.743 88.221 57.854 74.706 73.395 99.102 96.623 52.298 0.000 16.672 60.086 101.382 137.943 141.682 0.000 129.234 69.641 0.000 61.602 96.229 42.487 132.658 131.048 53.628 75.058 58.806 65.649 112.580 101.259 36.309 85.026 80.338 25.324 62.097 23.471 99.658 98.517 0.000 74.809 117.062 0.000 82.748 147.567
0.000 68.187 109.317 0.000 185.758 0.000 0.000 176.091 133.783 0.000 131.022 168.524 119.069 0.000 0.000 115.833 122.057 127.674 122.033 0.000 149.951 90.316 117.272 129.358 110.799 113.327 102.606 139.381 130.350 0.000 0.000 152.831 0.000 127.442 156.028 120.672 89.110 112.977 119.969 158.977 147.767 0.000 78.843 50.929 60.327 66.794 109.359 107.212 78.890 103.323 60.086 17.644 192.989 133.670 138.889 94.656 129.471 98.560 163.696 119.940 153.517 118.541 114.470 123.673 87.040 65.029 108.779 75.413 194.420 71.404 71.574 36.030 118.379 82.225 31.252 25.300 96.970 92.905 88.983 140.274 143.392 103.668 83.630 150.497
160.501 118.869 0.000 55.683 148.562 160.128 105.233 163.852 60.519 152.038 151.052 104.704 156.236 155.012 130.514 102.342 0.000 0.000 190.412 32.970 157.910 76.159 0.000 51.956 142.895 0.000 134.996 137.751 142.362 0.000 167.282 185.004 137.710 149.997 150.667 106.256 169.813 172.342 154.085 118.374 166.719 138.204 97.876 138.977 113.608 109.260 79.459 117.467 143.027 92.981 101.382 192.989 15.569 125.536 87.680 66.961 98.398 51.488 60.828 152.446 45.852 159.638 105.785 100.139 96.336 133.378 185.760 157.387 20.045 112.556 63.758 139.219 18.081 126.763 184.032 124.706 23.937 115.701 83.129 183.992 155.396 94.359 119.322 106.632
0.000 0.000 114.086 155.556 41.030 118.962 0.000 92.481 117.498 132.848 78.473 97.247 64.241 0.000 66.594 145.154 0.000 0.000 0.000 0.000 123.348 132.767 146.766 138.775 68.797 150.802 142.476 156.237 101.246 0.000 0.000 59.785 0.000 130.682 89.393 102.354 76.823 84.921 67.260 67.685 68.197 63.455 61.074 65.665 44.213 46.114 26.399 22.518 52.067 0.000 137.943 133.670 125.536 14.039 21.328 111.390 23.298 67.384 96.523 33.797 65.117 49.929 52.425 23.546 123.014 92.158 100.387 76.468 102.479 124.138 114.496 132.443 86.317 76.790 99.113 124.941 129.145 43.252 124.442 93.947 19.921 0.000 32.199 63.935
0.000 0.000 161.803 112.919 116.923 85.670 189.293 107.900 103.987 94.016 116.190 57.426 96.571 0.000 87.076 196.828 0.000 0.000 163.206 49.201 189.630 117.051 183.560 147.376 94.772 0.000 177.842 144.101 145.481 170.985 109.121 130.120 0.000 106.831 60.391 104.203 152.830 135.200 113.780 123.533 0.000 82.125 60.889 85.204 60.762 60.773 26.410 32.368 69.955 75.385 141.682 138.889 87.680 21.328 19.167 83.165 20.720 57.941 32.221 53.689 29.209 82.479 42.952 22.712 144.013 93.842 104.180 83.945 63.497 136.779 106.439 135.005 82.001 108.765 125.453 145.778 89.488 38.607 97.573 118.492 18.875 106.538 43.345 31.863
0.000 0.000 159.840 137.071 0.000 162.399 0.000 0.000 82.339 146.676 159.657 142.220 140.453 0.000 125.686 0.000 0.000 0.000 0.000 0.000 141.821 0.000 142.858 122.058 142.901 0.000 158.006 136.798 161.003 0.000 0.000 0.000 150.958 151.563 168.725 130.272 133.850 170.493 163.845 132.590 161.489 0.000 86.097 115.618 90.339 92.300 92.139 100.197 120.601 26.270 0.000 94.656 66.961 111.390 83.165 16.029 64.739 70.799 21.682 130.499 84.342 141.868 29.328 89.608 127.338 103.516 158.325 119.476 87.897 74.127 93.541 84.948 55.013 143.042 110.199 128.691 29.751 52.192 23.025 164.057 126.924 80.043 94.141 128.250
0.000 0.000 0.000 137.302 121.451 109.353 181.116 130.472 130.293 123.425 151.282 75.322 109.193 192.775 108.055 162.389 0.000 0.000 0.000 178.425 162.992 124.792 161.773 154.681 98.365 0.000 178.141 173.756 195.099 0.000 0.000 153.290 0.000 189.153 79.093 132.743 119.384 163.246 166.204 141.383 156.759 96.546 78.394 87.803 71.621 66.762 33.727 37.671 73.817 24.271 129.234 129.471 98.398 23.298 20.720 64.739 19.031 90.379 35.213 69.428 57.023 95.103 20.184 28.404 140.483 134.323 108.879 105.758 95.516 112.176 135.095 123.958 93.464 99.273 128.813 143.706 87.679 31.821 84.185 128.764 20.957 85.555 59.241 28.545
74.094 75.717 120.559 54.772 99.360 103.921 69.739 109.718 16.553 91.225 111.194 29.045 117.587 128.990 69.270 38.545 146.070 0.000 140.271 85.332 105.701 26.602 108.277 22.846 106.787 140.908 79.678 74.787 114.489 92.864 169.225 155.703 107.889 98.445 35.873 70.821 102.244 100.194 96.395 67.016 116.773 91.697 33.038 61.194 82.525 73.326 27.061 67.407 82.613 78.612 69.641 98.560 51.488 67.384 57.941 70.799 90.379 14.665 82.047 109.776 16.890 112.968 96.448 44.461 30.351 121.950 142.953 108.244 27.049 86.737 28.987 104.520 19.653 92.229 107.444 76.614 66.791 92.852 72.756 136.534 98.648 84.168 86.466 44.413
0.000 183.629 0.000 63.716 118.399 65.312 0.000 84.847 112.096 118.495 194.825 35.642 144.541 0.000 88.087 167.245 0.000 0.000 0.000 16.978 182.059 190.635 186.942 142.866 148.734 0.000 174.682 156.435 176.100 0.000 0.000 0.000 0.000 133.858 53.286 129.193 165.029 182.088 128.614 128.172 163.103 0.000 101.640 135.327 102.395 98.899 77.773 105.879 126.608 79.250 0.000 163.696 60.828 96.523 32.221 21.682 35.213 82.047 17.911 138.996 29.017 152.327 28.088 71.188 172.458 129.102 173.279 144.002 19.358 158.373 0.000 170.883 73.648 0.000 173.305 173.284 46.837 110.946 45.537 173.561 125.980 101.686 113.841 36.030
0.000 64.560 158.855 154.740 53.858 96.813 0.000 103.376 126.640 166.306 60.714 134.581 40.526 99.488 83.160 125.394 90.290 102.694 108.571 0.000 139.182 121.062 138.239 170.131 35.743 101.513 100.835 163.096 85.570 0.000 94.754 65.195 0.000 55.035 108.123 66.211 47.775 55.384 48.854 72.843 56.138 37.512 67.427 38.202 40.858 45.698 40.751 32.550 29.905 115.199 61.602 119.940 152.446 33.797 53.689 130.499 69.428 109.776 138.996 18.639 119.745 23.806 57.458 50.598 138.767 41.711 18.623 22.510 141.315 119.546 108.347 106.627 134.505 35.262 26.183 69.558 141.816 29.651 109.813 48.740 25.977 67.939 26.799 101.431
0.000 106.808 0.000 22.445 88.829 56.042 100.919 79.025 35.853 65.419 139.784 23.654 116.685 136.223 53.677 90.926 0.000 0.000 175.476 16.098 158.821 71.935 158.426 24.225 120.723 0.000 121.625 78.025 122.637 0.000 0.000 0.000 0.000 118.491 35.603 82.536 103.198 106.415 105.909 78.898 101.521 0.000 28.586 95.737 91.163 83.484 28.471 70.210 116.188 0.000 96.229 153.517 45.852 65.117 29.209 84.342 57.023 16.890 29.017 119.745 16.577 129.112 99.225 30.465 117.862 118.020 162.095 133.344 21.027 156.526 62.181 164.125 20.498 120.640 154.633 120.387 69.412 100.755 111.378 162.239 96.669 125.966 93.583 31.598
0.000 43.953 127.509 151.308 52.689 92.266 122.690 91.304 121.683 147.258 46.215 132.813 24.051 100.207 72.535 115.740 104.590 102.073 107.334 136.128 127.048 81.077 131.369 133.056 22.916 89.884 65.235 141.364 79.786 114.567 53.750 64.103 87.357 49.752 107.471 63.399 52.005 48.684 49.768 62.013 51.684 29.866 61.977 41.094 43.967 44.459 55.206 41.924 31.044 156.452 42.487 118.541 159.638 49.929 82.479 141.868 95.103 112.968 152.327 23.806 129.112 16.827 110.101 75.583 121.638 114.013 103.577 87.890 159.542 136.689 82.942 133.885 134.758 19.563 29.752 23.522 147.803 72.974 88.596 19.445 47.483 86.165 39.812 108.979
0.000 137.780 0.000 133.837 0.000 159.581 0.000 187.483 108.458 178.322 158.392 151.827 116.123 162.463 0.000 149.954 0.000 0.000 0.000 0.000 157.170 113.112 0.000 143.816 129.593 0.000 148.974 159.122 179.985 0.000 0.000 188.909 194.202 174.556 172.664 151.107 137.921 173.485 174.661 154.449 156.500 0.000 91.850 93.970 89.795 93.645 71.599 68.535 78.095 17.586 132.658 114.470 105.785 52.425 42.952 29.328 20.184 96.448 28.088 57.458 99.225 110.101 16.559 77.050 149.464 107.089 70.656 59.672 103.201 91.397 149.704 108.788 93.270 110.894 123.543 143.598 97.443 19.808 42.568 125.640 19.668 66.841 61.774 37.749
0.000 125.953 131.945 122.625 61.887 104.039 0.000 106.878 71.544 118.035 100.554 67.388 81.285 0.000 76.785 122.064 0.000 0.000 0.000 186.077 128.242 129.088 139.421 113.499 94.456 174.215 146.510 143.912 170.910 0.000 0.000 85.199 0.000 92.321 64.173 91.818 108.559 125.381 95.816 74.589 51.517 81.344 30.804 91.986 57.775 46.227 17.787 25.160 95.564 0.000 131.048 123.673 100.139 23.546 22.712 89.608 28.404 44.461 71.188 50.598 30.465 75.583 77.050 16.411 110.055 129.660 73.032 127.703 73.157 106.268 90.505 110.317 64.428 73.445 135.399 121.327 102.388 77.477 116.924 108.762 38.350 127.542 44.552 42.291
0.000 58.250 119.346 99.923 143.104 156.874 0.000 0.000 51.545 176.157 148.458 140.615 127.319 173.645 111.896 62.963 123.388 0.000 187.851 166.631 110.512 32.922 109.005 58.558 103.811 134.196 56.382 116.243 138.013 0.000 0.000 162.977 0.000 127.661 161.034 112.880 82.683 107.464 108.622 117.929 135.030 136.319 76.784 59.693 79.057 81.972 96.324 100.008 103.670 0.000 53.628 87.040 96.336 123.014 144.013 127.338 140.483 30.351 172.458 138.767 117.862 121.638 149.464 110.055 18.987 103.997 131.126 116.853 79.624 28.577 20.270 35.703 23.131 88.344 110.604 32.163 40.224 107.692 102.338 164.028 136.888 91.366 91.484 156.352
